start_mid
1  1 2 3 4 6 7 8 11 16 0
2  1 2 3 4 6 7 8 11 16 17 0
3  1 2 3 4 6 7 8 11 16 17 0
4  1 2 3 4 6 7 8 11 16 17 0
5  1 2 3 4 6 7 8 11 17 0
6  1 2 3 4 6 7 8 11 16 17 0
7  1 2 3 8 11 17 18 0

start_end
1  1 2 5 0
2  1 2 5 0
3  1 2 5 0
4  1 2 5 0
5  1 2 5 0
6  1 2 5 0
7  1 2 5 0

mid_mid
1  1 2 3 4 6 7 8 11 16 17 18 0
2  1 2 3 16 17 18 0
3  4 6 7 8 11 0
4  5 0
5  1 2 3 4 6 7 16 17 18 0
6  1 2 3 4 7 8 11 16 17 18 0
7  9 14 15 0
8  9 0
9  5 10 13 0
10 1 2 3 4 6 7 8 11 16 17 18 0
11 12 0
12 1 2 3 4 6 7 8 11 16 17 18 0
13 1 2 3 4 6 7 8 11 16 17 18 0
14 0
15 5 13 0
16 1 2 3 4 6 7 8 11 16 17 18 0
17 1 2 3 4 6 7 8 11 16 17 18 0
18 1 2 3 4 6 7 8 11 16 17 18 0

mid_end
1  1 2 3 4 5 11 0
2  1 2 3 4 5 11 0
3  0
4  0
5  1 2 3 4 5 11 0
6  1 2 5 0
7  0
8  0
9  6 7 8 10 0
10 1 2 3 4 5 11 0
11 9 0
12 1 2 3 4 5 11 0
13 1 2 3 4 5 11 0
14 8 0
15 0
16 1 2 3 4 5 11 0
17 1 2 3 4 5 11 0
18 1 2 3 4 5 11 0

