97 100 96 100 96 97 98 97 94 91 
97 99 95 98 95 93 95 97 92 92 
95 92 97 98 93 100 94 95 99 92 
100 96 93 98 92 96 95 99 97 99 
93 91 95 92 99 99 94 100 98 97 
94 93 100 99 98 94 98 98 97 97 
100 91 95 95 94 96 92 95 93 99 
93 98 97 97 96 95 99 98 94 91 
97 99 92 93 92 99 94 93 99 99 
95 93 96 100 96 99 94 93 98 97 
96 99 99 95 97 99 91 93 92 99 
91 92 99 95 96 98 99 94 95 94 
97 99 93 99 97 98 94 98 99 96 
99 94 96 99 99 99 93 94 98 95 
94 95 94 91 95 94 98 96 98 99 
94 97 90 99 84 88 79 88 95 93 
89 82 95 83 99 79 81 84 85 97 
86 96 98 94 90 94 89 97 98 92 
88 85 85 99 95 99 100 76 99 81 
98 88 96 86 78 86 94 92 99 87 
91 94 86 87 83 97 93 78 88 82 
94 92 93 95 80 81 95 91 78 91 
100 92 96 81 89 83 97 91 94 77 
97 94 93 86 87 95 93 79 80 81 
84 97 87 94 91 84 84 88 79 80 
95 89 95 97 89 91 78 89 85 91 
91 88 98 84 91 94 96 84 95 96 
97 98 92 84 92 96 89 92 98 96 
98 94 92 78 83 81 78 84 77 89 
86 79 93 96 97 99 98 86 86 94 
80 99 88 86 93 89 85 96 82 87 
88 85 86 77 79 88 93 76 78 89 
96 92 81 91 85 94 81 77 88 80 
78 86 79 96 98 96 89 76 91 80 
87 87 95 97 94 78 94 91 78 97 
85 94 90 86 79 90 96 78 96 84 
80 94 89 97 92 77 93 100 97 87 
99 81 78 88 87 96 78 81 92 95 
88 100 89 80 86 81 90 85 97 100 
94 93 86 100 78 98 81 98 76 88 
91 80 80 89 96 99 78 84 96 91 
83 94 97 84 98 92 79 78 99 99 
96 94 91 94 91 93 92 86 76 93 
98 88 98 94 79 84 92 77 99 98 
88 96 86 93 96 77 93 93 93 88 
97 80 96 98 95 93 95 90 89 80 
84 88 99 99 97 88 88 87 98 91 
54 73 62 64 96 100 96 99 72 94 
56 51 98 70 89 92 85 59 67 74 
85 99 98 85 98 85 69 93 66 87 
66 65 97 98 53 86 63 53 71 96 
96 74 93 66 72 99 56 88 95 92 
100 89 70 98 57 63 51 51 86 86 
56 63 53 90 71 53 96 66 88 99 
74 59 99 98 99 95 59 69 99 71 
90 51 96 63 59 66 57 88 62 95 
68 54 61 71 91 98 93 93 63 97 
89 71 67 95 87 57 58 94 94 93 
53 94 65 67 86 100 94 95 89 71 
69 73 64 53 99 94 62 70 92 94 
98 95 87 85 88 86 69 69 94 54 
75 73 64 86 91 91 93 65 96 64 
89 93 61 87 93 73 59 92 75 69 
57 61 88 51 97 87 89 87 100 94 
53 55 63 52 90 85 67 87 51 87 
66 60 92 71 65 99 59 96 68 86 
66 69 86 93 87 53 56 93 64 54 
68 69 68 72 95 69 69 52 59 90 
60 58 59 91 52 98 54 64 92 62 
87 73 89 92 53 58 87 86 86 93 
85 75 65 91 86 60 74 65 88 96 
74 95 53 100 89 58 95 74 90 58 
88 58 99 97 95 92 86 55 58 64 
64 55 68 51 86 93 56 85 99 93 
55 62 93 92 67 52 98 88 90 74 
92 99 87 57 87 52 63 89 98 58 
67 57 71 68 71 87 61 91 87 92 
81 88 89 78 77 82 80 82 82 77 
86 90 90 89 79 80 81 87 88 81 
86 83 83 85 84 80 87 81 79 83 
87 83 84 87 83 78 87 83 84 82 
81 82 77 77 77 89 87 76 85 84 
78 89 87 89 88 86 79 87 77 81 
82 84 78 90 85 81 81 76 80 84 
86 82 77 78 86 87 80 84 76 78 
89 88 76 77 87 85 88 85 82 78 
85 88 83 79 77 89 82 80 78 77 
88 88 84 81 81 88 78 78 79 90 
79 86 80 87 88 77 85 76 88 86 
79 82 86 83 81 77 83 79 79 90 
84 78 79 82 87 82 88 90 79 80 
80 81 88 77 86 88 80 86 83 90 
78 87 83 85 82 81 82 79 87 80 
80 81 89 87 89 88 87 85 86 85 
88 77 83 84 86 87 79 77 84 77 
81 87 77 76 80 81 85 89 79 77 
77 79 84 85 81 86 81 81 78 90 
77 85 78 85 82 76 88 83 88 82 
88 84 87 89 81 82 78 79 86 83 
88 76 87 83 76 89 79 84 79 88 
82 90 78 80 85 77 85 84 90 77 
78 80 87 77 88 83 83 86 78 83 
87 87 78 89 81 85 84 81 79 89 
83 80 86 77 84 87 78 78 85 83 
83 81 86 77 88 84 90 82 82 81 
76 83 83 78 84 79 89 80 79 79 
87 77 88 79 77 76 78 77 82 78 
65 62 56 74 81 77 83 87 58 86 
75 55 86 69 81 81 82 53 66 72 
81 81 90 80 80 88 58 80 70 85 
58 71 86 88 73 76 71 72 72 90 
82 60 85 56 72 89 52 81 83 82 
86 83 64 85 70 51 64 59 90 89 
69 56 59 84 64 57 76 55 84 78 
65 56 80 82 89 86 63 57 89 56 
83 63 89 66 74 57 55 86 64 78 
60 63 73 68 87 78 86 86 66 85 
80 65 75 85 81 59 75 77 86 77 
72 84 55 69 80 82 85 87 89 58 
71 52 74 71 88 78 63 62 84 79 
80 83 80 83 89 90 57 63 81 57 
52 67 58 84 77 76 88 68 79 66 
79 82 56 85 79 54 60 78 64 52 
52 75 82 71 85 78 83 83 80 86 
64 64 63 67 82 81 51 85 55 80 
57 54 83 69 55 83 53 79 53 77 
73 69 81 84 86 64 60 89 70 63 
69 59 71 63 88 63 74 51 71 80 
57 70 67 79 74 78 69 60 76 57 
89 58 77 81 74 60 84 87 83 90 
85 61 64 85 89 72 52 70 82 88 
68 83 52 81 85 64 88 71 82 56 
84 64 81 81 78 76 90 72 65 58 
52 58 71 54 81 81 58 86 85 78 
74 61 78 79 61 61 83 84 87 64 
86 77 84 53 79 62 63 84 88 58 
67 56 54 56 54 87 52 79 84 77 
46 39 43 43 74 35 37 60 32 62 
34 70 44 52 50 47 36 47 66 69 
63 42 34 54 62 42 35 39 40 61 
45 49 45 42 64 46 47 45 69 55 
66 56 33 51 37 49 67 33 43 45 
49 74 30 39 36 60 36 61 67 66 
49 35 70 73 60 40 66 30 37 38 
67 66 69 49 62 69 35 34 40 62 
37 35 57 43 34 48 52 72 61 44 
56 52 35 71 49 63 53 70 57 33 
42 33 44 50 36 71 34 73 59 39 
67 42 67 56 68 54 43 46 64 58 
58 55 30 41 41 38 49 33 66 69 
65 41 65 63 35 33 47 62 40 46 
50 48 40 41 75 32 51 66 71 34 
40 43 62 33 36 60 59 65 35 71 
56 34 41 39 64 66 61 50 43 48 
61 40 41 46 67 58 65 43 57 66 
42 73 44 36 67 60 45 52 47 35 
30 46 32 31 38 53 45 47 32 47 
31 64 33 43 39 35 55 55 42 53 
66 34 70 72 32 73 72 47 70 47 
70 63 68 45 33 49 66 33 45 31 
67 41 61 50 43 47 54 68 54 74 
72 60 34 58 56 37 72 66 41 44 
39 53 40 47 69 46 32 68 66 37 
37 34 53 75 47 70 44 31 66 54 
74 52 61 65 57 39 43 32 35 64 
65 56 42 67 67 34 32 42 69 62 
40 38 69 71 61 66 74 72 44 48 
68 58 34 52 49 61 39 70 63 67 
62 35 69 53 40 48 41 66 64 56 
43 69 36 73 46 73 35 66 58 66 
69 64 63 55 57 37 73 31 48 40 
49 52 64 33 54 39 67 39 51 38 
46 64 68 60 75 55 55 59 44 57 
45 73 35 55 45 40 33 60 63 48 
53 67 31 37 38 64 34 60 41 32 
56 34 41 44 63 36 59 39 53 63 
72 33 38 40 54 37 71 50 37 60 
49 46 31 58 67 66 46 48 52 59 
31 38 56 67 58 70 46 58 70 68 
71 61 31 50 57 46 62 44 41 71 
51 57 45 73 53 65 56 67 55 52 
73 73 31 66 42 49 63 59 35 55 
37 47 42 69 39 72 38 73 38 31 
31 57 69 74 32 43 35 71 53 41 
55 67 48 40 69 54 35 71 54 33 
45 56 48 37 31 72 36 35 66 31 
67 74 65 57 52 52 48 55 35 50 
18 5 25 49 17 31 47 39 12 46 
18 48 14 47 35 23 28 4 32 12 
28 25 17 40 31 26 45 16 20 28 
6 33 45 40 31 5 43 36 15 7 
43 13 14 37 49 37 23 48 13 11 
44 37 13 23 46 48 34 47 33 37 
20 1 11 39 15 30 39 17 13 1 
18 13 37 36 29 36 39 35 4 28 
18 12 25 29 30 7 35 9 32 17 
47 17 17 33 30 33 19 38 45 20 
46 46 13 16 35 17 11 21 1 30 
18 16 14 35 46 10 24 11 45 17 
25 22 8 35 15 22 28 8 24 44 
4 35 50 24 21 27 49 41 38 41 
13 49 33 43 0 15 36 30 17 10 
47 10 48 50 33 17 1 25 49 11 
6 12 4 23 4 31 17 1 35 33 
6 49 9 18 10 6 9 16 35 41 
40 46 4 5 23 30 50 8 5 15 
4 37 4 13 44 5 3 33 46 25 
49 4 24 40 31 50 19 22 40 16 
7 28 21 11 20 16 33 40 48 39 
25 22 34 38 10 28 15 13 31 44 
20 47 27 2 13 13 9 14 46 2 
31 18 11 44 24 38 40 47 28 14 
45 39 9 1 36 12 25 33 14 50 
43 46 27 15 47 33 38 15 15 3 
