94 97 90 99 84 88 79 88 95 93 
89 82 95 83 99 79 81 84 85 97 
86 96 98 94 90 94 89 97 98 92 
88 85 85 99 95 99 100 76 99 81 
98 88 96 86 78 86 94 92 99 87 
91 94 86 87 83 97 93 78 88 82 
94 92 93 95 80 81 95 91 78 91 
100 92 96 81 89 83 97 91 94 77 
97 94 93 86 87 95 93 79 80 81 
84 97 87 94 91 84 84 88 79 80 
95 89 95 97 89 91 78 89 85 91 
91 88 98 84 91 94 96 84 95 96 
97 98 92 84 92 96 89 92 98 96 
98 94 92 78 83 81 78 84 77 89 
86 79 93 96 97 99 98 86 86 94 
80 99 88 86 93 89 85 96 82 87 
88 85 86 77 79 88 93 76 78 89 
96 92 81 91 85 94 81 77 88 80 
78 86 79 96 98 96 89 76 91 80 
87 87 95 97 94 78 94 91 78 97 
85 94 90 86 79 90 96 78 96 84 
80 94 89 97 92 77 93 100 97 87 
99 81 78 88 87 96 78 81 92 95 
88 100 89 80 86 81 90 85 97 100 
94 93 86 100 78 98 81 98 76 88 
91 80 80 89 96 99 78 84 96 91 
83 94 97 84 98 92 79 78 99 99 
96 94 91 94 91 93 92 86 76 93 
98 88 98 94 79 84 92 77 99 98 
88 96 86 93 96 77 93 93 93 88 
97 80 96 98 95 93 95 90 89 80 
84 88 99 99 97 88 88 87 98 91 
