54 73 62 64 96 100 96 99 72 94 
56 51 98 70 89 92 85 59 67 74 
85 99 98 85 98 85 69 93 66 87 
66 65 97 98 53 86 63 53 71 96 
96 74 93 66 72 99 56 88 95 92 
100 89 70 98 57 63 51 51 86 86 
56 63 53 90 71 53 96 66 88 99 
74 59 99 98 99 95 59 69 99 71 
90 51 96 63 59 66 57 88 62 95 
68 54 61 71 91 98 93 93 63 97 
89 71 67 95 87 57 58 94 94 93 
53 94 65 67 86 100 94 95 89 71 
69 73 64 53 99 94 62 70 92 94 
98 95 87 85 88 86 69 69 94 54 
75 73 64 86 91 91 93 65 96 64 
89 93 61 87 93 73 59 92 75 69 
57 61 88 51 97 87 89 87 100 94 
53 55 63 52 90 85 67 87 51 87 
66 60 92 71 65 99 59 96 68 86 
66 69 86 93 87 53 56 93 64 54 
68 69 68 72 95 69 69 52 59 90 
60 58 59 91 52 98 54 64 92 62 
87 73 89 92 53 58 87 86 86 93 
85 75 65 91 86 60 74 65 88 96 
74 95 53 100 89 58 95 74 90 58 
88 58 99 97 95 92 86 55 58 64 
64 55 68 51 86 93 56 85 99 93 
55 62 93 92 67 52 98 88 90 74 
92 99 87 57 87 52 63 89 98 58 
67 57 71 68 71 87 61 91 87 92 
