81 88 89 78 77 82 80 82 82 77 
86 90 90 89 79 80 81 87 88 81 
86 83 83 85 84 80 87 81 79 83 
87 83 84 87 83 78 87 83 84 82 
81 82 77 77 77 89 87 76 85 84 
78 89 87 89 88 86 79 87 77 81 
82 84 78 90 85 81 81 76 80 84 
86 82 77 78 86 87 80 84 76 78 
89 88 76 77 87 85 88 85 82 78 
85 88 83 79 77 89 82 80 78 77 
88 88 84 81 81 88 78 78 79 90 
79 86 80 87 88 77 85 76 88 86 
79 82 86 83 81 77 83 79 79 90 
84 78 79 82 87 82 88 90 79 80 
80 81 88 77 86 88 80 86 83 90 
78 87 83 85 82 81 82 79 87 80 
80 81 89 87 89 88 87 85 86 85 
88 77 83 84 86 87 79 77 84 77 
81 87 77 76 80 81 85 89 79 77 
77 79 84 85 81 86 81 81 78 90 
77 85 78 85 82 76 88 83 88 82 
88 84 87 89 81 82 78 79 86 83 
88 76 87 83 76 89 79 84 79 88 
82 90 78 80 85 77 85 84 90 77 
78 80 87 77 88 83 83 86 78 83 
87 87 78 89 81 85 84 81 79 89 
83 80 86 77 84 87 78 78 85 83 
83 81 86 77 88 84 90 82 82 81 
76 83 83 78 84 79 89 80 79 79 
87 77 88 79 77 76 78 77 82 78 
