65 62 56 74 81 77 83 87 58 86 
75 55 86 69 81 81 82 53 66 72 
81 81 90 80 80 88 58 80 70 85 
58 71 86 88 73 76 71 72 72 90 
82 60 85 56 72 89 52 81 83 82 
86 83 64 85 70 51 64 59 90 89 
69 56 59 84 64 57 76 55 84 78 
65 56 80 82 89 86 63 57 89 56 
83 63 89 66 74 57 55 86 64 78 
60 63 73 68 87 78 86 86 66 85 
80 65 75 85 81 59 75 77 86 77 
72 84 55 69 80 82 85 87 89 58 
71 52 74 71 88 78 63 62 84 79 
80 83 80 83 89 90 57 63 81 57 
52 67 58 84 77 76 88 68 79 66 
79 82 56 85 79 54 60 78 64 52 
52 75 82 71 85 78 83 83 80 86 
64 64 63 67 82 81 51 85 55 80 
57 54 83 69 55 83 53 79 53 77 
73 69 81 84 86 64 60 89 70 63 
69 59 71 63 88 63 74 51 71 80 
57 70 67 79 74 78 69 60 76 57 
89 58 77 81 74 60 84 87 83 90 
85 61 64 85 89 72 52 70 82 88 
68 83 52 81 85 64 88 71 82 56 
84 64 81 81 78 76 90 72 65 58 
52 58 71 54 81 81 58 86 85 78 
74 61 78 79 61 61 83 84 87 64 
86 77 84 53 79 62 63 84 88 58 
67 56 54 56 54 87 52 79 84 77 
