46 39 43 43 74 35 37 60 32 62 
34 70 44 52 50 47 36 47 66 69 
63 42 34 54 62 42 35 39 40 61 
45 49 45 42 64 46 47 45 69 55 
66 56 33 51 37 49 67 33 43 45 
49 74 30 39 36 60 36 61 67 66 
49 35 70 73 60 40 66 30 37 38 
67 66 69 49 62 69 35 34 40 62 
37 35 57 43 34 48 52 72 61 44 
56 52 35 71 49 63 53 70 57 33 
42 33 44 50 36 71 34 73 59 39 
67 42 67 56 68 54 43 46 64 58 
58 55 30 41 41 38 49 33 66 69 
65 41 65 63 35 33 47 62 40 46 
50 48 40 41 75 32 51 66 71 34 
40 43 62 33 36 60 59 65 35 71 
56 34 41 39 64 66 61 50 43 48 
61 40 41 46 67 58 65 43 57 66 
42 73 44 36 67 60 45 52 47 35 
30 46 32 31 38 53 45 47 32 47 
31 64 33 43 39 35 55 55 42 53 
66 34 70 72 32 73 72 47 70 47 
70 63 68 45 33 49 66 33 45 31 
67 41 61 50 43 47 54 68 54 74 
72 60 34 58 56 37 72 66 41 44 
39 53 40 47 69 46 32 68 66 37 
37 34 53 75 47 70 44 31 66 54 
74 52 61 65 57 39 43 32 35 64 
65 56 42 67 67 34 32 42 69 62 
40 38 69 71 61 66 74 72 44 48 
68 58 34 52 49 61 39 70 63 67 
62 35 69 53 40 48 41 66 64 56 
43 69 36 73 46 73 35 66 58 66 
69 64 63 55 57 37 73 31 48 40 
49 52 64 33 54 39 67 39 51 38 
46 64 68 60 75 55 55 59 44 57 
45 73 35 55 45 40 33 60 63 48 
53 67 31 37 38 64 34 60 41 32 
56 34 41 44 63 36 59 39 53 63 
72 33 38 40 54 37 71 50 37 60 
49 46 31 58 67 66 46 48 52 59 
31 38 56 67 58 70 46 58 70 68 
71 61 31 50 57 46 62 44 41 71 
51 57 45 73 53 65 56 67 55 52 
73 73 31 66 42 49 63 59 35 55 
37 47 42 69 39 72 38 73 38 31 
31 57 69 74 32 43 35 71 53 41 
55 67 48 40 69 54 35 71 54 33 
45 56 48 37 31 72 36 35 66 31 
67 74 65 57 52 52 48 55 35 50 
