18 5 25 49 17 31 47 39 12 46 
18 48 14 47 35 23 28 4 32 12 
28 25 17 40 31 26 45 16 20 28 
6 33 45 40 31 5 43 36 15 7 
43 13 14 37 49 37 23 48 13 11 
44 37 13 23 46 48 34 47 33 37 
20 1 11 39 15 30 39 17 13 1 
18 13 37 36 29 36 39 35 4 28 
18 12 25 29 30 7 35 9 32 17 
47 17 17 33 30 33 19 38 45 20 
46 46 13 16 35 17 11 21 1 30 
18 16 14 35 46 10 24 11 45 17 
25 22 8 35 15 22 28 8 24 44 
4 35 50 24 21 27 49 41 38 41 
13 49 33 43 0 15 36 30 17 10 
47 10 48 50 33 17 1 25 49 11 
6 12 4 23 4 31 17 1 35 33 
6 49 9 18 10 6 9 16 35 41 
40 46 4 5 23 30 50 8 5 15 
4 37 4 13 44 5 3 33 46 25 
49 4 24 40 31 50 19 22 40 16 
7 28 21 11 20 16 33 40 48 39 
25 22 34 38 10 28 15 13 31 44 
20 47 27 2 13 13 9 14 46 2 
31 18 11 44 24 38 40 47 28 14 
45 39 9 1 36 12 25 33 14 50 
43 46 27 15 47 33 38 15 15 3 
